-5.000000000000000000e+00 0.000000000000000000e+00
-2.500000000000000000e+00 4.330127018922193649e+00
0.000000000000000000e+00 5.000000000000000000e+00
2.500000000000000000e+00 4.330127018922193649e+00
5.000000000000000000e+00 0.000000000000000000e+00
5.000000000000000000e+00 -0.000000000000000000e+00
2.500000000000000000e+00 -4.330127018922193649e+00
0.000000000000000000e+00 -5.000000000000000000e+00
-2.500000000000000000e+00 -4.330127018922193649e+00
-5.000000000000000000e+00 -0.000000000000000000e+00
