-15.0000 0.0000
-14.6970 2.9998
-14.3939 4.2207
-14.0909 5.1426
-13.7879 5.9071
-13.4848 6.5695
-13.1818 7.1582
-12.8788 7.6900
-12.5758 8.1762
-12.2727 8.6244
-11.9697 9.0403
-11.6667 9.4281
-11.3636 9.7912
-11.0606 10.1323
-10.7576 10.4534
-10.4545 10.7565
-10.1515 11.0429
-9.8485 11.3140
-9.5455 11.5708
-9.2424 11.8143
-8.9394 12.0452
-8.6364 12.2643
-8.3333 12.4722
-8.0303 12.6694
-7.7273 12.8565
-7.4242 13.0338
-7.1212 13.2018
-6.8182 13.3609
-6.5152 13.5112
-6.2121 13.6532
-5.9091 13.7870
-5.6061 13.9130
-5.3030 14.0313
-5.0000 14.1421
-4.6970 14.2456
-4.3939 14.3420
-4.0909 14.4314
-3.7879 14.5139
-3.4848 14.5896
-3.1818 14.6587
-2.8788 14.7212
-2.5758 14.7772
-2.2727 14.8268
-1.9697 14.8701
-1.6667 14.9071
-1.3636 14.9379
-1.0606 14.9625
-0.7576 14.9809
-0.4545 14.9931
-0.1515 14.9992
0.1515 14.9992
0.4545 14.9931
0.7576 14.9809
1.0606 14.9625
1.3636 14.9379
1.6667 14.9071
1.9697 14.8701
2.2727 14.8268
2.5758 14.7772
2.8788 14.7212
3.1818 14.6587
3.4848 14.5896
3.7879 14.5139
4.0909 14.4314
4.3939 14.3420
4.6970 14.2456
5.0000 14.1421
5.3030 14.0313
5.6061 13.9130
5.9091 13.7870
6.2121 13.6532
6.5152 13.5112
6.8182 13.3609
7.1212 13.2018
7.4242 13.0338
7.7273 12.8565
8.0303 12.6694
8.3333 12.4722
8.6364 12.2643
8.9394 12.0452
9.2424 11.8143
9.5455 11.5708
9.8485 11.3140
10.1515 11.0429
10.4545 10.7565
10.7576 10.4534
11.0606 10.1323
11.3636 9.7912
11.6667 9.4281
11.9697 9.0403
12.2727 8.6244
12.5758 8.1762
12.8788 7.6900
13.1818 7.1582
13.4848 6.5695
13.7879 5.9071
14.0909 5.1426
14.3939 4.2207
14.6970 2.9998
15.0000 0.0000
15.0000 -0.0000
14.6970 -2.9998
14.3939 -4.2207
14.0909 -5.1426
13.7879 -5.9071
13.4848 -6.5695
13.1818 -7.1582
12.8788 -7.6900
12.5758 -8.1762
12.2727 -8.6244
11.9697 -9.0403
11.6667 -9.4281
11.3636 -9.7912
11.0606 -10.1323
10.7576 -10.4534
10.4545 -10.7565
10.1515 -11.0429
9.8485 -11.3140
9.5455 -11.5708
9.2424 -11.8143
8.9394 -12.0452
8.6364 -12.2643
8.3333 -12.4722
8.0303 -12.6694
7.7273 -12.8565
7.4242 -13.0338
7.1212 -13.2018
6.8182 -13.3609
6.5152 -13.5112
6.2121 -13.6532
5.9091 -13.7870
5.6061 -13.9130
5.3030 -14.0313
5.0000 -14.1421
4.6970 -14.2456
4.3939 -14.3420
4.0909 -14.4314
3.7879 -14.5139
3.4848 -14.5896
3.1818 -14.6587
2.8788 -14.7212
2.5758 -14.7772
2.2727 -14.8268
1.9697 -14.8701
1.6667 -14.9071
1.3636 -14.9379
1.0606 -14.9625
0.7576 -14.9809
0.4545 -14.9931
0.1515 -14.9992
-0.1515 -14.9992
-0.4545 -14.9931
-0.7576 -14.9809
-1.0606 -14.9625
-1.3636 -14.9379
-1.6667 -14.9071
-1.9697 -14.8701
-2.2727 -14.8268
-2.5758 -14.7772
-2.8788 -14.7212
-3.1818 -14.6587
-3.4848 -14.5896
-3.7879 -14.5139
-4.0909 -14.4314
-4.3939 -14.3420
-4.6970 -14.2456
-5.0000 -14.1421
-5.3030 -14.0313
-5.6061 -13.9130
-5.9091 -13.7870
-6.2121 -13.6532
-6.5152 -13.5112
-6.8182 -13.3609
-7.1212 -13.2018
-7.4242 -13.0338
-7.7273 -12.8565
-8.0303 -12.6694
-8.3333 -12.4722
-8.6364 -12.2643
-8.9394 -12.0452
-9.2424 -11.8143
-9.5455 -11.5708
-9.8485 -11.3140
-10.1515 -11.0429
-10.4545 -10.7565
-10.7576 -10.4534
-11.0606 -10.1323
-11.3636 -9.7912
-11.6667 -9.4281
-11.9697 -9.0403
-12.2727 -8.6244
-12.5758 -8.1762
-12.8788 -7.6900
-13.1818 -7.1582
-13.4848 -6.5695
-13.7879 -5.9071
-14.0909 -5.1426
-14.3939 -4.2207
-14.6970 -2.9998
-15.0000 -0.0000
