-30.0000 0.0000
-28.7755 8.4835
-27.5510 11.8719
-26.3265 14.3845
-25.1020 16.4283
-23.8776 18.1621
-22.6531 19.6682
-21.4286 20.9956
-20.2041 22.1765
-18.9796 23.2331
-17.7551 24.1817
-16.5306 25.0348
-15.3061 25.8016
-14.0816 26.4898
-12.8571 27.1052
-11.6327 27.6529
-10.4082 28.1366
-9.1837 28.5598
-7.9592 28.9249
-6.7347 29.2343
-5.5102 29.4896
-4.2857 29.6923
-3.0612 29.8434
-1.8367 29.9437
-0.6122 29.9938
0.6122 29.9938
1.8367 29.9437
3.0612 29.8434
4.2857 29.6923
5.5102 29.4896
6.7347 29.2343
7.9592 28.9249
9.1837 28.5598
10.4082 28.1366
11.6327 27.6529
12.8571 27.1052
14.0816 26.4898
15.3061 25.8016
16.5306 25.0348
17.7551 24.1817
18.9796 23.2331
20.2041 22.1765
21.4286 20.9956
22.6531 19.6682
23.8776 18.1621
25.1020 16.4283
26.3265 14.3845
27.5510 11.8719
28.7755 8.4835
30.0000 0.0000
30.0000 -0.0000
28.7755 -8.4835
27.5510 -11.8719
26.3265 -14.3845
25.1020 -16.4283
23.8776 -18.1621
22.6531 -19.6682
21.4286 -20.9956
20.2041 -22.1765
18.9796 -23.2331
17.7551 -24.1817
16.5306 -25.0348
15.3061 -25.8016
14.0816 -26.4898
12.8571 -27.1052
11.6327 -27.6529
10.4082 -28.1366
9.1837 -28.5598
7.9592 -28.9249
6.7347 -29.2343
5.5102 -29.4896
4.2857 -29.6923
3.0612 -29.8434
1.8367 -29.9437
0.6122 -29.9938
-0.6122 -29.9938
-1.8367 -29.9437
-3.0612 -29.8434
-4.2857 -29.6923
-5.5102 -29.4896
-6.7347 -29.2343
-7.9592 -28.9249
-9.1837 -28.5598
-10.4082 -28.1366
-11.6327 -27.6529
-12.8571 -27.1052
-14.0816 -26.4898
-15.3061 -25.8016
-16.5306 -25.0348
-17.7551 -24.1817
-18.9796 -23.2331
-20.2041 -22.1765
-21.4286 -20.9956
-22.6531 -19.6682
-23.8776 -18.1621
-25.1020 -16.4283
-26.3265 -14.3845
-27.5510 -11.8719
-28.7755 -8.4835
-30.0000 -0.0000
